-10.001738 0.031828 25.413889
-9.762036 0.044437 25.494127
-9.522010 0.056821 25.572674
-9.281669 0.068985 25.649525
-9.041032 0.080932 25.724689
-8.800114 0.092666 25.798161
-8.558928 0.104189 25.869944
-8.317492 0.115506 25.940037
-8.075820 0.126621 26.008430
-7.833927 0.137536 26.075140
-7.591829 0.148256 26.140160
-7.349539 0.158784 26.203485
-7.107076 0.169124 26.265123
-6.864452 0.179280 26.325071
-6.621683 0.189254 26.383324
-6.378786 0.199050 26.439894
-6.135773 0.208673 26.494768
-5.892663 0.218126 26.547956
-5.649467 0.227412 26.599455
-5.406204 0.236535 26.649260
-5.162889 0.245498 26.697380
-4.919535 0.254306 26.743805
-4.676158 0.262961 26.788548
-4.432774 0.271468 26.831596
-4.189397 0.279829 26.872959
-3.946044 0.288049 26.912632
-3.702730 0.296132 26.950617
-3.459469 0.304080 26.986910
-3.216276 0.311897 27.021519
-2.973168 0.319588 27.054432
-2.730159 0.327155 27.085665
-2.487264 0.334602 27.115204
-2.244499 0.341933 27.143061
-2.001877 0.349151 27.169224
-1.759419 0.356260 27.193703
-1.517136 0.363264 27.216494
-1.275041 0.370166 27.237597
-1.033153 0.376970 27.257010
-0.791487 0.383679 27.274740
-0.550055 0.390297 27.290785
-0.308878 0.396828 27.305130
-0.067967 0.403275 27.317801
0.172663 0.409641 27.328779
0.412996 0.415931 27.338074
0.653015 0.422148 27.345680
0.892708 0.428296 27.351601
1.132057 0.434378 27.355831
1.371046 0.440397 27.358377
1.609664 0.446358 27.359240
1.847891 0.452264 27.358418
2.085716 0.458119 27.355906
2.323122 0.463926 27.351702
2.560092 0.469688 27.345825
2.796612 0.475410 27.338257
3.032667 0.481095 27.328999
3.268243 0.486747 27.318064
3.503323 0.492369 27.305437
3.737892 0.497964 27.291128
3.971936 0.503537 27.275133
4.205437 0.509091 27.257458
4.438384 0.514630 27.238089
4.670757 0.520156 27.217039
4.902544 0.525675 27.194307
5.133729 0.531189 27.169891
5.364296 0.536702 27.143789
5.594231 0.542218 27.115999
5.823518 0.547740 27.086529
6.052142 0.553272 27.055376
6.280088 0.558817 27.022537
6.507340 0.564379 26.988018
6.733883 0.569962 26.951811
6.959702 0.575569 26.913923
7.184782 0.581204 26.874350
7.409108 0.586870 26.833094
7.632663 0.592571 26.790155
7.855433 0.598311 26.745533
8.077404 0.604093 26.699228
8.298558 0.609921 26.651237
8.518881 0.615799 26.601570
8.738359 0.621729 26.550217
8.956977 0.627716 26.497179
9.174717 0.633764 26.442461
9.391566 0.639875 26.386066
9.607507 0.646054 26.327980
9.822526 0.652303 26.268217
10.036609 0.658628 26.206768
10.249738 0.665030 26.143646
10.461900 0.671515 26.078835
10.673078 0.678085 26.012344
10.883259 0.684744 25.944170
11.092423 0.691495 25.874317
11.300562 0.698343 25.802786
11.507655 0.705291 25.729567
11.713689 0.712342 25.654669
11.918651 0.719500 25.578094
12.122519 0.726769 25.499840
12.325283 0.734153 25.419897
12.526927 0.741654 25.338280
12.727439 0.749276 25.254978
12.926795 0.757024 25.170000
13.125000 0.764901 25.083334
13.322012 0.772908 24.994999
13.517821 0.781043 24.905001
13.712417 0.789301 24.813366
13.905777 0.797678 24.720118
14.097883 0.806170 24.625269
14.288720 0.814771 24.528847
14.478268 0.823477 24.430866
14.666509 0.832284 24.331354
14.853426 0.841187 24.230330
15.039003 0.850183 24.127813
15.223216 0.859265 24.023825
15.406056 0.868430 23.918388
15.587498 0.877673 23.811520
15.767526 0.886991 23.703243
15.946123 0.896377 23.593580
16.123272 0.905828 23.482550
16.298950 0.915340 23.370176
16.473148 0.924907 23.256472
16.645842 0.934525 23.141468
16.817015 0.944190 23.025179
16.986649 0.953898 22.907627
17.154726 0.963643 22.788836
17.321230 0.973421 22.668819
17.486141 0.983228 22.547609
17.649443 0.993059 22.425219
17.811115 1.002910 22.301666
17.971144 1.012777 22.176983
18.129507 1.022654 22.051180
18.286190 1.032537 21.924282
18.441172 1.042422 21.796309
18.594437 1.052304 21.667282
18.745970 1.062179 21.537224
18.895746 1.072042 21.406155
19.043755 1.081889 21.274096
19.189974 1.091715 21.141066
19.334385 1.101516 21.007084
19.476971 1.111287 20.872173
19.617716 1.121023 20.736361
19.756603 1.130721 20.599657
19.893608 1.140376 20.462090
20.028719 1.149983 20.323679
20.161919 1.159537 20.184443
20.293186 1.169035 20.044403
20.422503 1.178471 19.903584
20.549850 1.187842 19.762003
20.675217 1.197142 19.619678
20.798578 1.206368 19.476639
20.919920 1.215514 19.332895
21.039221 1.224576 19.188480
21.156466 1.233551 19.043406
21.271639 1.242432 18.897694
21.384714 1.251216 18.751369
21.495682 1.259898 18.604450
21.604523 1.268474 18.456959
21.711218 1.276939 18.308914
21.815746 1.285289 18.160337
21.918097 1.293519 18.011251
22.018244 1.301624 17.861675
22.116177 1.309601 17.711630
22.211874 1.317444 17.561140
22.305317 1.325150 17.410217
22.396488 1.332713 17.258890
22.485371 1.340129 17.107182
22.571949 1.347395 16.955103
22.656200 1.354504 16.802685
22.738110 1.361453 16.649944
22.817661 1.368237 16.496902
22.894831 1.374852 16.343578
22.969608 1.381293 16.189993
23.041967 1.387555 16.036169
23.111897 1.393635 15.882128
23.179377 1.399527 15.727888
23.244390 1.405228 15.573475
23.306919 1.410732 15.418903
23.366940 1.416036 15.264198
23.424442 1.421134 15.109380
23.479408 1.426022 14.954468
23.531816 1.430696 14.799484
23.581648 1.435151 14.644452
23.628887 1.439382 14.489385
23.673515 1.443386 14.334311
23.715519 1.447157 14.179248
23.754873 1.450692 14.024219
23.791563 1.453985 13.869240
23.825573 1.457032 13.714337
23.856882 1.459829 13.559531
23.885475 1.462371 13.404838
23.911331 1.464654 13.250282
23.934435 1.466672 13.095886
23.954763 1.468423 12.941667
23.972309 1.469900 12.787650
23.987041 1.471100 12.633846
23.998955 1.472019 12.480292
24.008024 1.472651 12.326997
24.014229 1.472992 12.173985
24.017563 1.473037 12.021275
24.017996 1.472783 11.868894
24.015512 1.472224 11.716854
24.010101 1.471357 11.565182
24.001736 1.470176 11.413889
23.990417 1.468678 11.263007
23.976160 1.466866 11.112519
23.959019 1.464743 10.962408
23.939016 1.462312 10.812659
23.916195 1.459578 10.663257
23.890594 1.456542 10.514185
23.862247 1.453209 10.365429
23.831194 1.449582 10.216975
23.797468 1.445665 10.068806
23.761110 1.441460 9.920906
23.722157 1.436972 9.773261
23.680647 1.432204 9.625854
23.636614 1.427159 9.478670
23.590096 1.421841 9.331697
23.541128 1.416253 9.184914
23.489758 1.410398 9.038309
23.436010 1.404281 8.891867
23.379927 1.397903 8.745570
23.321547 1.391270 8.599405
23.260902 1.384383 8.453356
23.198038 1.377248 8.307406
23.132982 1.369866 8.161542
23.065781 1.362242 8.015747
22.996468 1.354379 7.870007
22.925076 1.346280 7.724305
22.851648 1.337949 7.578627
22.776220 1.329389 7.432957
22.698828 1.320604 7.287279
22.619507 1.311597 7.141579
22.538298 1.302372 6.995838
22.455238 1.292931 6.850046
22.370363 1.283279 6.704186
22.283710 1.273418 6.558239
22.195316 1.263353 6.412192
22.105219 1.253087 6.266031
22.013456 1.242622 6.119740
21.920063 1.231963 5.973301
21.825083 1.221113 5.826702
21.728542 1.210075 5.679925
21.630487 1.198853 5.532958
21.530952 1.187450 5.385782
21.429974 1.175870 5.238382
21.327587 1.164116 5.090744
21.223835 1.152192 4.942852
21.118750 1.140100 4.794691
21.012369 1.127844 4.646245
20.904734 1.115429 4.497500
20.795877 1.102856 4.348439
20.685839 1.090131 4.199047
20.574657 1.077255 4.049309
20.462364 1.064233 3.899208
20.348999 1.051067 3.748731
20.234600 1.037762 3.597862
20.119204 1.024321 3.446584
20.002851 1.010747 3.294883
19.885574 0.997044 3.142745
19.767414 0.983214 2.990151
19.648403 0.969262 2.837089
19.528584 0.955191 2.683541
19.407990 0.941005 2.529492
19.286659 0.926706 2.374929
19.164631 0.912298 2.219835
19.041937 0.897785 2.064194
18.918619 0.883169 1.907991
18.794716 0.868456 1.751210
18.670261 0.853647 1.593837
18.545290 0.838747 1.435857
18.419847 0.823758 1.277252
18.293966 0.808685 1.118009
18.167681 0.793530 0.958111
18.041027 0.778297 0.797544
17.914051 0.762989 0.636292
17.786781 0.747611 0.474339
17.659264 0.732164 0.311670
17.531527 0.716654 0.148271
17.403610 0.701082 -0.015877
17.275555 0.685454 -0.180785
17.147394 0.669771 -0.346471
17.019167 0.654038 -0.512950
16.890911 0.638257 -0.680237
16.762659 0.622433 -0.848348
16.634453 0.606569 -1.017298
16.506329 0.590667 -1.187102
16.378325 0.574733 -1.357776
16.250475 0.558768 -1.529335
16.122818 0.542777 -1.701796
15.995392 0.526763 -1.875173
15.868234 0.510729 -2.049480
15.741381 0.494678 -2.224735
15.614868 0.478615 -2.400951
15.488736 0.462543 -2.578146
15.363020 0.446464 -2.756333
15.237758 0.430383 -2.935529
15.112987 0.414303 -3.115749
14.988743 0.398227 -3.297008
14.865065 0.382159 -3.479322
14.741989 0.366101 -3.662706
14.619551 0.350059 -3.847177
14.497791 0.334034 -4.032746
14.376736 0.318030 -4.219444
14.256431 0.302052 -4.407255
14.136844 0.286103 -4.596167
14.017949 0.270187 -4.786149
13.899717 0.254308 -4.977173
13.782116 0.238471 -5.169206
13.665120 0.222680 -5.362218
13.548693 0.206938 -5.556179
13.432808 0.191251 -5.751059
13.317436 0.175622 -5.946827
13.202547 0.160055 -6.143453
13.088112 0.144555 -6.340906
12.974098 0.129126 -6.539154
12.860477 0.113772 -6.738171
12.747220 0.098497 -6.937922
12.634296 0.083305 -7.138379
12.521678 0.068200 -7.339510
12.409332 0.053188 -7.541286
12.297231 0.038271 -7.743677
12.185343 0.023454 -7.946651
12.073640 0.008741 -8.150178
11.962090 -0.005863 -8.354228
11.850668 -0.020355 -8.558770
11.739338 -0.034730 -8.763774
11.628073 -0.048984 -8.969209
11.516845 -0.063114 -9.175043
11.405622 -0.077114 -9.381249
11.294375 -0.090980 -9.587795
11.183074 -0.104709 -9.794651
11.071689 -0.118296 -10.001785
10.960189 -0.131737 -10.209169
10.848546 -0.145028 -10.416770
10.736731 -0.158165 -10.624559
10.624710 -0.171144 -10.832506
10.512458 -0.183959 -11.040578
10.399942 -0.196608 -11.248748
10.287133 -0.209086 -11.456983
10.174003 -0.221389 -11.665255
10.060520 -0.233512 -11.873531
9.946654 -0.245452 -12.081781
9.832376 -0.257205 -12.289976
9.717657 -0.268765 -12.498083
9.602467 -0.280129 -12.706077
9.486773 -0.291293 -12.913918
9.370549 -0.302253 -13.121586
9.253763 -0.313004 -13.329043
9.136388 -0.323543 -13.536265
9.018390 -0.333864 -13.743215
8.899741 -0.343965 -13.949865
8.780416 -0.353840 -14.156189
8.660376 -0.363486 -14.362148
8.539597 -0.372898 -14.567720
8.418048 -0.382072 -14.772868
8.295700 -0.391004 -14.977566
8.172523 -0.399691 -15.181780
8.048485 -0.408126 -15.385483
7.923558 -0.416308 -15.588641
7.797714 -0.424230 -15.791227
7.670918 -0.431890 -15.993211
7.543146 -0.439283 -16.194555
7.414364 -0.446405 -16.395239
7.284544 -0.453251 -16.595226
7.153656 -0.459818 -16.794485
7.021671 -0.466101 -16.992992
6.888557 -0.472096 -17.190710
6.754285 -0.477799 -17.387611
6.618826 -0.483206 -17.583666
6.482151 -0.488312 -17.778843
6.344227 -0.493114 -17.973108
6.205028 -0.497607 -18.166439
6.064520 -0.501787 -18.358795
5.922678 -0.505650 -18.550156
5.779467 -0.509192 -18.740482
5.634861 -0.512408 -18.929754
5.488830 -0.515295 -19.117929
5.341342 -0.517847 -19.304983
5.192368 -0.520062 -19.490885
5.041878 -0.521935 -19.675608
4.889844 -0.523461 -19.859116
4.736236 -0.524637 -20.041380
4.581020 -0.525458 -20.222368
4.424172 -0.525920 -20.402054
4.265658 -0.526019 -20.580406
4.105450 -0.525751 -20.757393
3.943518 -0.525111 -20.932983
3.779831 -0.524096 -21.107149
3.614360 -0.522701 -21.279854
3.447075 -0.520922 -21.451075
3.277948 -0.518755 -21.620781
3.106946 -0.516196 -21.788933
2.934042 -0.513240 -21.955511
2.759205 -0.509884 -22.120480
2.582405 -0.506123 -22.283806
2.403613 -0.501953 -22.445465
2.222797 -0.497370 -22.605423
2.039929 -0.492369 -22.763653
1.854980 -0.486947 -22.920120
1.667918 -0.481099 -23.074797
1.478714 -0.474822 -23.227650
1.287339 -0.468110 -23.378649
1.093750 -0.460960 -23.527777
0.897956 -0.453370 -23.674984
0.699983 -0.445347 -23.820265
0.499883 -0.436900 -23.963608
0.297710 -0.428038 -24.104998
0.093515 -0.418771 -24.244419
-0.112647 -0.409108 -24.381859
-0.320727 -0.399058 -24.517307
-0.530670 -0.388630 -24.650749
-0.742424 -0.377834 -24.782173
-0.955937 -0.366678 -24.911560
-1.171156 -0.355173 -25.038900
-1.388030 -0.343327 -25.164186
-1.606504 -0.331150 -25.287397
-1.826527 -0.318650 -25.408520
-2.048047 -0.305838 -25.527546
-2.271010 -0.292722 -25.644461
-2.495364 -0.279311 -25.759243
-2.721057 -0.265616 -25.871893
-2.948037 -0.251644 -25.982388
-3.176251 -0.237406 -26.090712
-3.405645 -0.222910 -26.196859
-3.636168 -0.208166 -26.300817
-3.867767 -0.193183 -26.402565
-4.100391 -0.177970 -26.502094
-4.333985 -0.162537 -26.599392
-4.568498 -0.146893 -26.694443
-4.803877 -0.131047 -26.787237
-5.040070 -0.115008 -26.877760
-5.277024 -0.098786 -26.965990
-5.514688 -0.082389 -27.051928
-5.753006 -0.065827 -27.135551
-5.991928 -0.049110 -27.216850
-6.231403 -0.032246 -27.295809
-6.471376 -0.015245 -27.372414
-6.711795 0.001884 -27.446653
-6.952608 0.019132 -27.518515
-7.193762 0.036489 -27.587988
-7.435206 0.053946 -27.655054
-7.676886 0.071495 -27.719696
-7.918747 0.089125 -27.781908
-8.160741 0.106828 -27.841677
-8.402815 0.124594 -27.898987
-8.644914 0.142414 -27.953827
-8.886987 0.160278 -28.006182
-9.128981 0.178179 -28.056032
-9.370845 0.196105 -28.103374
-9.612523 0.214049 -28.148193
-9.853966 0.232000 -28.190474
-10.095121 0.249950 -28.230200
-10.335933 0.267889 -28.267361
-10.576353 0.285808 -28.301943
-10.816326 0.303698 -28.333937
-11.055800 0.321550 -28.363325
-11.294723 0.339354 -28.390093
-11.533042 0.357100 -28.414228
-11.770705 0.374781 -28.435720
-12.007661 0.392386 -28.454556
-12.243852 0.409907 -28.470720
-12.479232 0.427333 -28.484200
-12.713745 0.444657 -28.494978
-12.947337 0.461867 -28.503048
-13.179961 0.478957 -28.508390
-13.411560 0.495915 -28.510998
-13.642084 0.512733 -28.510851
-13.871478 0.529402 -28.507938
-14.099691 0.545912 -28.502254
-14.326671 0.562254 -28.493776
-14.552361 0.578419 -28.482492
-14.776716 0.594397 -28.468393
-14.999679 0.610180 -28.451460
-15.221200 0.625758 -28.431686
-15.441221 0.641122 -28.409054
-15.659699 0.656263 -28.383551
-15.876569 0.671170 -28.355158
-16.091789 0.685836 -28.323874
-16.305302 0.700251 -28.289677
-16.517056 0.714405 -28.252556
-16.726999 0.728290 -28.212494
-16.935080 0.741896 -28.169489
-17.141239 0.755213 -28.123514
-17.345436 0.768234 -28.074564
-17.547607 0.780948 -28.022621
-17.747707 0.793345 -27.967678
-17.945679 0.805418 -27.909716
-18.141476 0.817156 -27.848721
-18.335039 0.828551 -27.784683
-18.526318 0.839593 -27.717590
-18.715263 0.850273 -27.647427
-18.901815 0.860581 -27.574177
-19.085928 0.870509 -27.497833
-19.267548 0.880047 -27.418377
-19.446621 0.889186 -27.335798
-19.623096 0.897917 -27.250082
-19.796917 0.906229 -27.161217
-19.968039 0.914116 -27.069183
-20.136400 0.921565 -26.973980
-20.301956 0.928570 -26.875582
-20.464647 0.935121 -26.773983
-20.624428 0.941207 -26.669168
-20.781250 0.946820 -26.561113
-20.935059 0.951954 -26.449829
-21.085886 0.956609 -26.335346
-21.233767 0.960793 -26.217709
-21.378736 0.964508 -26.096958
-21.520834 0.967760 -25.973139
-21.660093 0.970554 -25.846283
-21.796555 0.972895 -25.716450
-21.930248 0.974787 -25.583673
-22.061216 0.976235 -25.448002
-22.189489 0.977244 -25.309473
-22.315109 0.977820 -25.168133
-22.438110 0.977966 -25.024023
-22.558525 0.977687 -24.877188
-22.676395 0.976989 -24.727674
-22.791754 0.975876 -24.575520
-22.904640 0.974353 -24.420769
-23.015087 0.972425 -24.263464
-23.123133 0.970097 -24.103649
-23.228815 0.967372 -23.941368
-23.332167 0.964258 -23.776669
-23.433228 0.960757 -23.609583
-23.532030 0.956875 -23.440165
-23.628614 0.952617 -23.268452
-23.723015 0.947988 -23.094484
-23.815268 0.942992 -22.918318
-23.905411 0.937634 -22.739979
-23.993475 0.931919 -22.559525
-24.079506 0.925852 -22.376991
-24.163534 0.919438 -22.192425
-24.245592 0.912681 -22.005861
-24.325724 0.905587 -21.817352
-24.403963 0.898159 -21.626940
-24.480349 0.890404 -21.434664
-24.554909 0.882325 -21.240568
-24.627686 0.873928 -21.044699
-24.698715 0.865218 -20.847095
-24.768034 0.856198 -20.647804
-24.835680 0.846875 -20.446867
-24.901682 0.837252 -20.244326
-24.966082 0.827336 -20.040226
-25.028917 0.817130 -19.834608
-25.090225 0.806639 -19.627516
-25.150036 0.795868 -19.418995
-25.208387 0.784822 -19.209087
-25.265326 0.773506 -18.997833
-25.320873 0.761925 -18.785280
-25.375074 0.750083 -18.571470
-25.427959 0.737986 -18.356443
-25.479574 0.725637 -18.140247
-25.529949 0.713042 -17.922922
-25.579117 0.700207 -17.704510
-25.627121 0.687134 -17.485060
-25.673992 0.673830 -17.264608
-25.719770 0.660300 -17.043201
-25.764492 0.646547 -16.820883
-25.808193 0.632577 -16.597694
-25.850908 0.618395 -16.373682
-25.892668 0.604005 -16.148886
-25.933523 0.589413 -15.923350
-25.973499 0.574622 -15.697119
-26.012634 0.559639 -15.470230
-26.050966 0.544467 -15.242736
-26.088533 0.529112 -15.014672
-26.125364 0.513578 -14.786086
-26.161505 0.497871 -14.557018
-26.196987 0.481995 -14.327513
-26.231844 0.465954 -14.097614
-26.266115 0.449754 -13.867362
-26.299843 0.433400 -13.636806
-26.333052 0.416896 -13.405981
-26.365784 0.400247 -13.174935
-26.398077 0.383458 -12.943712
-26.429962 0.366534 -12.712352
-26.461487 0.349480 -12.480903
-26.492678 0.332300 -12.249401
-26.523565 0.314999 -12.017896
-26.554203 0.297582 -11.786427
-26.584614 0.280054 -11.555039
-26.614843 0.262420 -11.323776
-26.644917 0.244685 -11.092678
-26.674879 0.226852 -10.861790
-26.704760 0.208928 -10.631155
-26.734606 0.190917 -10.400817
-26.764441 0.172824 -10.170818
-26.794313 0.154653 -9.941202
-26.824253 0.136410 -9.712013
-26.854292 0.118099 -9.483292
-26.884476 0.099726 -9.255084
-26.914833 0.081294 -9.027430
-26.945408 0.062809 -8.800373
-26.976227 0.044275 -8.573961
-27.007334 0.025698 -8.348230
-27.038761 0.007082 -8.123231
-27.070549 -0.011568 -7.899002
-27.102732 -0.030247 -7.675586
-27.135344 -0.048950 -7.453030
-27.168427 -0.067673 -7.231372
-27.202007 -0.086411 -7.010659
-27.236132 -0.105158 -6.790932
-27.270834 -0.123912 -6.572222
-27.306135 -0.142664 -6.354589
-27.342012 -0.161413 -6.138022
-27.378433 -0.180154 -5.922503
-27.415361 -0.198881 -5.708026
-27.452763 -0.217592 -5.494579
-27.490601 -0.236282 -5.282152
-27.528843 -0.254946 -5.070733
-27.567453 -0.273580 -4.860310
-27.606398 -0.292180 -4.650874
-27.645636 -0.310742 -4.442414
-27.685141 -0.329261 -4.234919
-27.724874 -0.347733 -4.028378
-27.764797 -0.366154 -3.822780
-27.804884 -0.384519 -3.618114
-27.845095 -0.402825 -3.414369
-27.885391 -0.421066 -3.211535
-27.925739 -0.439239 -3.009602
-27.966110 -0.457339 -2.808556
-28.006464 -0.475362 -2.608388
-28.046764 -0.493304 -2.409088
-28.086981 -0.511161 -2.210645
-28.127077 -0.528927 -2.013046
-28.167015 -0.546599 -1.816283
-28.206762 -0.564173 -1.620343
-28.246284 -0.581644 -1.425217
-28.285545 -0.599008 -1.230892
-28.324511 -0.616261 -1.037359
-28.363150 -0.633398 -0.844606
-28.401415 -0.650415 -0.652622
-28.439285 -0.667308 -0.461397
-28.476719 -0.684073 -0.270920
-28.513685 -0.700704 -0.081181
-28.550144 -0.717199 0.107834
-28.586061 -0.733552 0.296132
-28.621407 -0.749760 0.483725
-28.656137 -0.765818 0.670626
-28.690228 -0.781721 0.856844
-28.723639 -0.797466 1.042390
-28.756332 -0.813049 1.227275
-28.788279 -0.828464 1.411509
-28.819435 -0.843707 1.595104
-28.849783 -0.858775 1.778071
-28.879263 -0.873663 1.960421
-28.907864 -0.888367 2.142163
-28.935534 -0.902882 2.323309
-28.962252 -0.917205 2.503871
-28.987965 -0.931330 2.683858
-29.012657 -0.945254 2.863282
-29.036285 -0.958972 3.042153
-29.058809 -0.972480 3.220483
-29.080204 -0.985774 3.398282
-29.100430 -0.998849 3.575561
-29.119450 -1.011702 3.752330
-29.137232 -1.024327 3.928602
-29.153740 -1.036721 4.104385
-29.168940 -1.048879 4.279693
-29.182796 -1.060797 4.454535
-29.195276 -1.072470 4.628922
-29.206341 -1.083895 4.802864
-29.215958 -1.095067 4.976374
-29.224092 -1.105982 5.149461
-29.230707 -1.116636 5.322136
-29.235773 -1.127023 5.494411
-29.239248 -1.137141 5.666296
-29.241098 -1.146984 5.837803
-29.241293 -1.156549 6.008942
-29.239794 -1.165831 6.179723
-29.236567 -1.174825 6.350156
-29.231579 -1.183528 6.520257
-29.224792 -1.191935 6.690031
-29.216179 -1.200042 6.859490
-29.205692 -1.207845 7.028649
-29.193302 -1.215339 7.197514
-29.178980 -1.222520 7.366098
-29.162682 -1.229383 7.534411
-29.144375 -1.235926 7.702467
-29.124029 -1.242142 7.870272
-29.101606 -1.248028 8.037839
-29.077074 -1.253580 8.205180
-29.050390 -1.258793 8.372304
-29.021526 -1.263663 8.539222
-28.990448 -1.268186 8.705947
-28.957115 -1.272357 8.872488
-28.921497 -1.276172 9.038856
-28.883562 -1.279628 9.205062
-28.843266 -1.282718 9.371118
-28.800577 -1.285440 9.537033
-28.755465 -1.287789 9.702818
-28.707890 -1.289761 9.868484
-28.657818 -1.291351 10.034044
-28.605219 -1.292555 10.199507
-28.550053 -1.293369 10.364882
-28.492285 -1.293788 10.530184
-28.431885 -1.293809 10.695420
-28.368809 -1.293426 10.860605
-28.303028 -1.292636 11.025745
-28.234510 -1.291435 11.190855
-28.163214 -1.289818 11.355944
-28.089109 -1.287780 11.521022
-28.012154 -1.285318 11.686111
-27.932329 -1.282429 11.851197
-27.849659 -1.279117 12.016278
-27.764147 -1.275390 12.181337
-27.675840 -1.271254 12.346356
-27.584751 -1.266715 12.511319
-27.490910 -1.261781 12.676208
-27.394342 -1.256456 12.841006
-27.295069 -1.250749 13.005697
-27.193121 -1.244666 13.170264
-27.088518 -1.238213 13.334688
-26.981289 -1.231397 13.498954
-26.871462 -1.224225 13.663046
-26.759056 -1.216702 13.826943
-26.644098 -1.208836 13.990631
-26.526623 -1.200633 14.154092
-26.406643 -1.192100 14.317309
-26.284187 -1.183243 14.480268
-26.159286 -1.174069 14.642945
-26.031961 -1.164584 14.805328
-25.902237 -1.154795 14.967402
-25.770140 -1.144709 15.129143
-25.635695 -1.134331 15.290540
-25.498930 -1.123670 15.451575
-25.359867 -1.112731 15.612226
-25.218534 -1.101520 15.772482
-25.074949 -1.090045 15.932327
-24.929152 -1.078312 16.091738
-24.781160 -1.066327 16.250700
-24.630997 -1.054097 16.409195
-24.478683 -1.041629 16.567211
-24.324255 -1.028929 16.724724
-24.167734 -1.016004 16.881725
-24.009146 -1.002861 17.038193
-23.848513 -0.989505 17.194107
-23.685863 -0.975944 17.349455
-23.521217 -0.962183 17.504219
-23.354612 -0.948231 17.658379
-23.186060 -0.934092 17.811926
-23.015594 -0.919774 17.964832
-22.843237 -0.905284 18.117085
-22.669016 -0.890627 18.268673
-22.492956 -0.875811 18.419573
-22.315079 -0.860842 18.569765
-22.135414 -0.845726 18.719240
-21.953983 -0.830471 18.867979
-21.770815 -0.815082 19.015961
-21.585938 -0.799566 19.163170
-21.399370 -0.783930 19.309589
-21.211140 -0.768181 19.455206
-21.021271 -0.752325 19.599998
-20.829792 -0.736368 19.743950
-20.636726 -0.720317 19.887045
-20.442102 -0.704179 20.029266
-20.245941 -0.687961 20.170595
-20.048271 -0.671668 20.311016
-19.849117 -0.655307 20.450516
-19.648504 -0.638885 20.589069
-19.446455 -0.622409 20.726662
-19.243000 -0.605885 20.863281
-19.038158 -0.589320 20.998907
-18.831961 -0.572719 21.133522
-18.624432 -0.556091 21.267111
-18.415594 -0.539441 21.399652
-18.205475 -0.522775 21.531137
-17.994101 -0.506102 21.661539
-17.781496 -0.489426 21.790848
-17.567688 -0.472755 21.919044
-17.352695 -0.456095 22.046108
-17.136553 -0.439453 22.172029
-16.919275 -0.422835 22.296785
-16.700897 -0.406248 22.420359
-16.481440 -0.389698 22.542736
-16.260927 -0.373193 22.663900
-16.039391 -0.356738 22.783833
-15.816848 -0.340340 22.902512
-15.593330 -0.324006 23.019930
-15.368861 -0.307742 23.136063
-15.143467 -0.291555 23.250895
-14.917169 -0.275451 23.364414
-14.689997 -0.259438 23.476595
-14.461976 -0.243520 23.587429
-14.233128 -0.227707 23.696890
-14.003479 -0.212002 23.804970
-13.773059 -0.196414 23.911646
-13.541889 -0.180949 24.016903
-13.309997 -0.165613 24.120722
-13.077405 -0.150413 24.223091
-12.844140 -0.135356 24.323988
-12.610230 -0.120447 24.423399
-12.375697 -0.105695 24.521305
-12.140569 -0.091104 24.617693
-11.904867 -0.076682 24.712538
-11.668622 -0.062436 24.805826
-11.431857 -0.048372 24.897547
-11.194593 -0.034496 24.987679
-10.956863 -0.020815 25.076200
-10.718690 -0.007336 25.163099
-10.480093 0.005936 25.248358
-10.241107 0.018992 25.331957
